image_width: 1280
image_height: 960
camera_name: camera
camera_matrix:
  rows: 3
  cols: 3
  data: [726.03821449 , 0.000000, 655.74980514, 0.000000, 724.65472539, 461.31706394, 0.000000, 0.000000, 1.000000]
distortion_model: plumb_bob
distortion_coefficients:
  rows: 1
  cols: 5
  data: [-0.34885526 , 0.1204645,  0.00099842, -0.00053531, -0.01841209]
rectification_matrix:
  rows: 3
  cols: 3
  data: [1.000000, 0.000000, 0.000000, 0.000000, 1.000000, 0.000000, 0.000000, 0.000000, 1.000000]
projection_matrix:
  rows: 3
  cols: 4
  data: [758.520081, 0.000000, 636.003326, 0.000000, 0.000000, 855.257141, 479.825755, 0.000000, 0.000000, 0.000000, 1.000000, 0.000000]
